537680 
538208 
538736 
539264 
539792 
540320 
540848 
541376 
541904 
542432 
542960 
543488 
544016 
544544 
545072 
545600 
546128 
546656 
547184 
547712 
548240 
548768 
549296 
549824 
550352 
550880 
551408 
551936 
552464 
552992 
553520 
554048 
554576 
555104 
555632 
556160 
556688 
557216 
557744 
558272 
558800 
559328 
559856 
560384 
560912 
561440 
561968 
1356608 
1358225 
1359842 
1361459 
1363076 
1364693 
1366310 
1367927 
1369544 
1371161 
1372778 
1374395 
1376012 
1377629 
1379246 
1380863 
1382480 
1384097 
1385714 
1387331 
1388948 
1390565 
1392182 
1393799 
1395416 
1397033 
1398650 
1400267 
1401884 
1403501 
1405118 
1406735 
1408352 
1409969 
1411586 
1413203 
1414820 
1416437 
1418054 
1419671 
1421288 
1422905 
1424522 
1426139 
1427756 
1429373 
1430990 
2175536 
2178242 
2180948 
2183654 
2186360 
2189066 
2191772 
2194478 
2197184 
2199890 
2202596 
2205302 
2208008 
2210714 
2213420 
2216126 
2218832 
2221538 
2224244 
2226950 
2229656 
2232362 
2235068 
2237774 
2240480 
2243186 
2245892 
2248598 
2251304 
2254010 
2256716 
2259422 
2262128 
2264834 
2267540 
2270246 
2272952 
2275658 
2278364 
2281070 
2283776 
2286482 
2289188 
2291894 
2294600 
2297306 
2300012 
2994464 
2998259 
3002054 
3005849 
3009644 
3013439 
3017234 
3021029 
3024824 
3028619 
3032414 
3036209 
3040004 
3043799 
3047594 
3051389 
3055184 
3058979 
3062774 
3066569 
3070364 
3074159 
3077954 
3081749 
3085544 
3089339 
3093134 
3096929 
3100724 
3104519 
3108314 
3112109 
3115904 
3119699 
3123494 
3127289 
3131084 
3134879 
3138674 
3142469 
3146264 
3150059 
3153854 
3157649 
3161444 
3165239 
3169034 
3813392 
3818276 
3823160 
3828044 
3832928 
3837812 
3842696 
3847580 
3852464 
3857348 
3862232 
3867116 
3872000 
3876884 
3881768 
3886652 
3891536 
3896420 
3901304 
3906188 
3911072 
3915956 
3920840 
3925724 
3930608 
3935492 
3940376 
3945260 
3950144 
3955028 
3959912 
3964796 
3969680 
3974564 
3979448 
3984332 
3989216 
3994100 
3998984 
4003868 
4008752 
4013636 
4018520 
4023404 
4028288 
4033172 
4038056 
4632320 
4638293 
4644266 
4650239 
4656212 
4662185 
4668158 
4674131 
4680104 
4686077 
4692050 
4698023 
4703996 
4709969 
4715942 
4721915 
4727888 
4733861 
4739834 
4745807 
4751780 
4757753 
4763726 
4769699 
4775672 
4781645 
4787618 
4793591 
4799564 
4805537 
4811510 
4817483 
4823456 
4829429 
4835402 
4841375 
4847348 
4853321 
4859294 
4865267 
4871240 
4877213 
4883186 
4889159 
4895132 
4901105 
4907078 
5451248 
5458310 
5465372 
5472434 
5479496 
5486558 
5493620 
5500682 
5507744 
5514806 
5521868 
5528930 
5535992 
5543054 
5550116 
5557178 
5564240 
5571302 
5578364 
5585426 
5592488 
5599550 
5606612 
5613674 
5620736 
5627798 
5634860 
5641922 
5648984 
5656046 
5663108 
5670170 
5677232 
5684294 
5691356 
5698418 
5705480 
5712542 
5719604 
5726666 
5733728 
5740790 
5747852 
5754914 
5761976 
5769038 
5776100 
6270176 
6278327 
6286478 
6294629 
6302780 
6310931 
6319082 
6327233 
6335384 
6343535 
6351686 
6359837 
6367988 
6376139 
6384290 
6392441 
6400592 
6408743 
6416894 
6425045 
6433196 
6441347 
6449498 
6457649 
6465800 
6473951 
6482102 
6490253 
6498404 
6506555 
6514706 
6522857 
6531008 
6539159 
6547310 
6555461 
6563612 
6571763 
6579914 
6588065 
6596216 
6604367 
6612518 
6620669 
6628820 
6636971 
6645122 
7089104 
7098344 
7107584 
7116824 
7126064 
7135304 
7144544 
7153784 
7163024 
7172264 
7181504 
7190744 
7199984 
7209224 
7218464 
7227704 
7236944 
7246184 
7255424 
7264664 
7273904 
7283144 
7292384 
7301624 
7310864 
7320104 
7329344 
7338584 
7347824 
7357064 
7366304 
7375544 
7384784 
7394024 
7403264 
7412504 
7421744 
7430984 
7440224 
7449464 
7458704 
7467944 
7477184 
7486424 
7495664 
7504904 
7514144 
7908032 
7918361 
7928690 
7939019 
7949348 
7959677 
7970006 
7980335 
7990664 
8000993 
8011322 
8021651 
8031980 
8042309 
8052638 
8062967 
8073296 
8083625 
8093954 
8104283 
8114612 
8124941 
8135270 
8145599 
8155928 
8166257 
8176586 
8186915 
8197244 
8207573 
8217902 
8228231 
8238560 
8248889 
8259218 
8269547 
8279876 
8290205 
8300534 
8310863 
8321192 
8331521 
8341850 
8352179 
8362508 
8372837 
8383166 
8726960 
8738378 
8749796 
8761214 
8772632 
8784050 
8795468 
8806886 
8818304 
8829722 
8841140 
8852558 
8863976 
8875394 
8886812 
8898230 
8909648 
8921066 
8932484 
8943902 
8955320 
8966738 
8978156 
8989574 
9000992 
9012410 
9023828 
9035246 
9046664 
9058082 
9069500 
9080918 
9092336 
9103754 
9115172 
9126590 
9138008 
9149426 
9160844 
9172262 
9183680 
9195098 
9206516 
9217934 
9229352 
9240770 
9252188 
9545888 
9558395 
9570902 
9583409 
9595916 
9608423 
9620930 
9633437 
9645944 
9658451 
9670958 
9683465 
9695972 
9708479 
9720986 
9733493 
9746000 
9758507 
9771014 
9783521 
9796028 
9808535 
9821042 
9833549 
9846056 
9858563 
9871070 
9883577 
9896084 
9908591 
9921098 
9933605 
9946112 
9958619 
9971126 
9983633 
9996140 
10008647 
10021154 
10033661 
10046168 
10058675 
10071182 
10083689 
10096196 
10108703 
10121210 
10364816 
10378412 
10392008 
10405604 
10419200 
10432796 
10446392 
10459988 
10473584 
10487180 
10500776 
10514372 
10527968 
10541564 
10555160 
10568756 
10582352 
10595948 
10609544 
10623140 
10636736 
10650332 
10663928 
10677524 
10691120 
10704716 
10718312 
10731908 
10745504 
10759100 
10772696 
10786292 
10799888 
10813484 
10827080 
10840676 
10854272 
10867868 
10881464 
10895060 
10908656 
10922252 
10935848 
10949444 
10963040 
10976636 
10990232 
11183744 
11198429 
11213114 
11227799 
11242484 
11257169 
11271854 
11286539 
11301224 
11315909 
11330594 
11345279 
11359964 
11374649 
11389334 
11404019 
11418704 
11433389 
11448074 
11462759 
11477444 
11492129 
11506814 
11521499 
11536184 
11550869 
11565554 
11580239 
11594924 
11609609 
11624294 
11638979 
11653664 
11668349 
11683034 
11697719 
11712404 
11727089 
11741774 
11756459 
11771144 
11785829 
11800514 
11815199 
11829884 
11844569 
11859254 
12002672 
12018446 
12034220 
12049994 
12065768 
12081542 
12097316 
12113090 
12128864 
12144638 
12160412 
12176186 
12191960 
12207734 
12223508 
12239282 
12255056 
12270830 
12286604 
12302378 
12318152 
12333926 
12349700 
12365474 
12381248 
12397022 
12412796 
12428570 
12444344 
12460118 
12475892 
12491666 
12507440 
12523214 
12538988 
12554762 
12570536 
12586310 
12602084 
12617858 
12633632 
12649406 
12665180 
12680954 
12696728 
12712502 
12728276 
12821600 
12838463 
12855326 
12872189 
12889052 
12905915 
12922778 
12939641 
12956504 
12973367 
12990230 
13007093 
13023956 
13040819 
13057682 
13074545 
13091408 
13108271 
13125134 
13141997 
13158860 
13175723 
13192586 
13209449 
13226312 
13243175 
13260038 
13276901 
13293764 
13310627 
13327490 
13344353 
13361216 
13378079 
13394942 
13411805 
13428668 
13445531 
13462394 
13479257 
13496120 
13512983 
13529846 
13546709 
13563572 
13580435 
13597298 
13640528 
13658480 
13676432 
13694384 
13712336 
13730288 
13748240 
13766192 
13784144 
13802096 
13820048 
13838000 
13855952 
13873904 
13891856 
13909808 
13927760 
13945712 
13963664 
13981616 
13999568 
14017520 
14035472 
14053424 
14071376 
14089328 
14107280 
14125232 
14143184 
14161136 
14179088 
14197040 
14214992 
14232944 
14250896 
14268848 
14286800 
14304752 
14322704 
14340656 
14358608 
14376560 
14394512 
14412464 
14430416 
14448368 
14466320 
14459456 
14478497 
14497538 
14516579 
14535620 
14554661 
14573702 
14592743 
14611784 
14630825 
14649866 
14668907 
14687948 
14706989 
14726030 
14745071 
14764112 
14783153 
14802194 
14821235 
14840276 
14859317 
14878358 
14897399 
14916440 
14935481 
14954522 
14973563 
14992604 
15011645 
15030686 
15049727 
15068768 
15087809 
15106850 
15125891 
15144932 
15163973 
15183014 
15202055 
15221096 
15240137 
15259178 
15278219 
15297260 
15316301 
15335342 
15278384 
15298514 
15318644 
15338774 
15358904 
15379034 
15399164 
15419294 
15439424 
15459554 
15479684 
15499814 
15519944 
15540074 
15560204 
15580334 
15600464 
15620594 
15640724 
15660854 
15680984 
15701114 
15721244 
15741374 
15761504 
15781634 
15801764 
15821894 
15842024 
15862154 
15882284 
15902414 
15922544 
15942674 
15962804 
15982934 
16003064 
16023194 
16043324 
16063454 
16083584 
16103714 
16123844 
16143974 
16164104 
16184234 
16204364 
16097312 
16118531 
16139750 
16160969 
16182188 
16203407 
16224626 
16245845 
16267064 
16288283 
16309502 
16330721 
16351940 
16373159 
16394378 
16415597 
16436816 
16458035 
16479254 
16500473 
16521692 
16542911 
16564130 
16585349 
16606568 
16627787 
16649006 
16670225 
16691444 
16712663 
16733882 
16755101 
16776320 
16797539 
16818758 
16839977 
16861196 
16882415 
16903634 
16924853 
16946072 
16967291 
16988510 
17009729 
17030948 
17052167 
17073386 
16916240 
16938548 
16960856 
16983164 
17005472 
17027780 
17050088 
17072396 
17094704 
17117012 
17139320 
17161628 
17183936 
17206244 
17228552 
17250860 
17273168 
17295476 
17317784 
17340092 
17362400 
17384708 
17407016 
17429324 
17451632 
17473940 
17496248 
17518556 
17540864 
17563172 
17585480 
17607788 
17630096 
17652404 
17674712 
17697020 
17719328 
17741636 
17763944 
17786252 
17808560 
17830868 
17853176 
17875484 
17897792 
17920100 
17942408 
17735168 
17758565 
17781962 
17805359 
17828756 
17852153 
17875550 
17898947 
17922344 
17945741 
17969138 
17992535 
18015932 
18039329 
18062726 
18086123 
18109520 
18132917 
18156314 
18179711 
18203108 
18226505 
18249902 
18273299 
18296696 
18320093 
18343490 
18366887 
18390284 
18413681 
18437078 
18460475 
18483872 
18507269 
18530666 
18554063 
18577460 
18600857 
18624254 
18647651 
18671048 
18694445 
18717842 
18741239 
18764636 
18788033 
18811430 
18554096 
18578582 
18603068 
18627554 
18652040 
18676526 
18701012 
18725498 
18749984 
18774470 
18798956 
18823442 
18847928 
18872414 
18896900 
18921386 
18945872 
18970358 
18994844 
19019330 
19043816 
19068302 
19092788 
19117274 
19141760 
19166246 
19190732 
19215218 
19239704 
19264190 
19288676 
19313162 
19337648 
19362134 
19386620 
19411106 
19435592 
19460078 
19484564 
19509050 
19533536 
19558022 
19582508 
19606994 
19631480 
19655966 
19680452 
19373024 
19398599 
19424174 
19449749 
19475324 
19500899 
19526474 
19552049 
19577624 
19603199 
19628774 
19654349 
19679924 
19705499 
19731074 
19756649 
19782224 
19807799 
19833374 
19858949 
19884524 
19910099 
19935674 
19961249 
19986824 
20012399 
20037974 
20063549 
20089124 
20114699 
20140274 
20165849 
20191424 
20216999 
20242574 
20268149 
20293724 
20319299 
20344874 
20370449 
20396024 
20421599 
20447174 
20472749 
20498324 
20523899 
20549474 
20191952 
20218616 
20245280 
20271944 
20298608 
20325272 
20351936 
20378600 
20405264 
20431928 
20458592 
20485256 
20511920 
20538584 
20565248 
20591912 
20618576 
20645240 
20671904 
20698568 
20725232 
20751896 
20778560 
20805224 
20831888 
20858552 
20885216 
20911880 
20938544 
20965208 
20991872 
21018536 
21045200 
21071864 
21098528 
21125192 
21151856 
21178520 
21205184 
21231848 
21258512 
21285176 
21311840 
21338504 
21365168 
21391832 
21418496 
21010880 
21038633 
21066386 
21094139 
21121892 
21149645 
21177398 
21205151 
21232904 
21260657 
21288410 
21316163 
21343916 
21371669 
21399422 
21427175 
21454928 
21482681 
21510434 
21538187 
21565940 
21593693 
21621446 
21649199 
21676952 
21704705 
21732458 
21760211 
21787964 
21815717 
21843470 
21871223 
21898976 
21926729 
21954482 
21982235 
22009988 
22037741 
22065494 
22093247 
22121000 
22148753 
22176506 
22204259 
22232012 
22259765 
22287518 
21829808 
21858650 
21887492 
21916334 
21945176 
21974018 
22002860 
22031702 
22060544 
22089386 
22118228 
22147070 
22175912 
22204754 
22233596 
22262438 
22291280 
22320122 
22348964 
22377806 
22406648 
22435490 
22464332 
22493174 
22522016 
22550858 
22579700 
22608542 
22637384 
22666226 
22695068 
22723910 
22752752 
22781594 
22810436 
22839278 
22868120 
22896962 
22925804 
22954646 
22983488 
23012330 
23041172 
23070014 
23098856 
23127698 
23156540 
22648736 
22678667 
22708598 
22738529 
22768460 
22798391 
22828322 
22858253 
22888184 
22918115 
22948046 
22977977 
23007908 
23037839 
23067770 
23097701 
23127632 
23157563 
23187494 
23217425 
23247356 
23277287 
23307218 
23337149 
23367080 
23397011 
23426942 
23456873 
23486804 
23516735 
23546666 
23576597 
23606528 
23636459 
23666390 
23696321 
23726252 
23756183 
23786114 
23816045 
23845976 
23875907 
23905838 
23935769 
23965700 
23995631 
24025562 
23467664 
23498684 
23529704 
23560724 
23591744 
23622764 
23653784 
23684804 
23715824 
23746844 
23777864 
23808884 
23839904 
23870924 
23901944 
23932964 
23963984 
23995004 
24026024 
24057044 
24088064 
24119084 
24150104 
24181124 
24212144 
24243164 
24274184 
24305204 
24336224 
24367244 
24398264 
24429284 
24460304 
24491324 
24522344 
24553364 
24584384 
24615404 
24646424 
24677444 
24708464 
24739484 
24770504 
24801524 
24832544 
24863564 
24894584 
24286592 
24318701 
24350810 
24382919 
24415028 
24447137 
24479246 
24511355 
24543464 
24575573 
24607682 
24639791 
24671900 
24704009 
24736118 
24768227 
24800336 
24832445 
24864554 
24896663 
24928772 
24960881 
24992990 
25025099 
25057208 
25089317 
25121426 
25153535 
25185644 
25217753 
25249862 
25281971 
25314080 
25346189 
25378298 
25410407 
25442516 
25474625 
25506734 
25538843 
25570952 
25603061 
25635170 
25667279 
25699388 
25731497 
25763606 
25105520 
25138718 
25171916 
25205114 
25238312 
25271510 
25304708 
25337906 
25371104 
25404302 
25437500 
25470698 
25503896 
25537094 
25570292 
25603490 
25636688 
25669886 
25703084 
25736282 
25769480 
25802678 
25835876 
25869074 
25902272 
25935470 
25968668 
26001866 
26035064 
26068262 
26101460 
26134658 
26167856 
26201054 
26234252 
26267450 
26300648 
26333846 
26367044 
26400242 
26433440 
26466638 
26499836 
26533034 
26566232 
26599430 
26632628 
25924448 
25958735 
25993022 
26027309 
26061596 
26095883 
26130170 
26164457 
26198744 
26233031 
26267318 
26301605 
26335892 
26370179 
26404466 
26438753 
26473040 
26507327 
26541614 
26575901 
26610188 
26644475 
26678762 
26713049 
26747336 
26781623 
26815910 
26850197 
26884484 
26918771 
26953058 
26987345 
27021632 
27055919 
27090206 
27124493 
27158780 
27193067 
27227354 
27261641 
27295928 
27330215 
27364502 
27398789 
27433076 
27467363 
27501650 
26743376 
26778752 
26814128 
26849504 
26884880 
26920256 
26955632 
26991008 
27026384 
27061760 
27097136 
27132512 
27167888 
27203264 
27238640 
27274016 
27309392 
27344768 
27380144 
27415520 
27450896 
27486272 
27521648 
27557024 
27592400 
27627776 
27663152 
27698528 
27733904 
27769280 
27804656 
27840032 
27875408 
27910784 
27946160 
27981536 
28016912 
28052288 
28087664 
28123040 
28158416 
28193792 
28229168 
28264544 
28299920 
28335296 
28370672 
27562304 
27598769 
27635234 
27671699 
27708164 
27744629 
27781094 
27817559 
27854024 
27890489 
27926954 
27963419 
27999884 
28036349 
28072814 
28109279 
28145744 
28182209 
28218674 
28255139 
28291604 
28328069 
28364534 
28400999 
28437464 
28473929 
28510394 
28546859 
28583324 
28619789 
28656254 
28692719 
28729184 
28765649 
28802114 
28838579 
28875044 
28911509 
28947974 
28984439 
29020904 
29057369 
29093834 
29130299 
29166764 
29203229 
29239694 
28381232 
28418786 
28456340 
28493894 
28531448 
28569002 
28606556 
28644110 
28681664 
28719218 
28756772 
28794326 
28831880 
28869434 
28906988 
28944542 
28982096 
29019650 
29057204 
29094758 
29132312 
29169866 
29207420 
29244974 
29282528 
29320082 
29357636 
29395190 
29432744 
29470298 
29507852 
29545406 
29582960 
29620514 
29658068 
29695622 
29733176 
29770730 
29808284 
29845838 
29883392 
29920946 
29958500 
29996054 
30033608 
30071162 
30108716 
29200160 
29238803 
29277446 
29316089 
29354732 
29393375 
29432018 
29470661 
29509304 
29547947 
29586590 
29625233 
29663876 
29702519 
29741162 
29779805 
29818448 
29857091 
29895734 
29934377 
29973020 
30011663 
30050306 
30088949 
30127592 
30166235 
30204878 
30243521 
30282164 
30320807 
30359450 
30398093 
30436736 
30475379 
30514022 
30552665 
30591308 
30629951 
30668594 
30707237 
30745880 
30784523 
30823166 
30861809 
30900452 
30939095 
30977738 
30019088 
30058820 
30098552 
30138284 
30178016 
30217748 
30257480 
30297212 
30336944 
30376676 
30416408 
30456140 
30495872 
30535604 
30575336 
30615068 
30654800 
30694532 
30734264 
30773996 
30813728 
30853460 
30893192 
30932924 
30972656 
31012388 
31052120 
31091852 
31131584 
31171316 
31211048 
31250780 
31290512 
31330244 
31369976 
31409708 
31449440 
31489172 
31528904 
31568636 
31608368 
31648100 
31687832 
31727564 
31767296 
31807028 
31846760 
30838016 
30878837 
30919658 
30960479 
31001300 
31042121 
31082942 
31123763 
31164584 
31205405 
31246226 
31287047 
31327868 
31368689 
31409510 
31450331 
31491152 
31531973 
31572794 
31613615 
31654436 
31695257 
31736078 
31776899 
31817720 
31858541 
31899362 
31940183 
31981004 
32021825 
32062646 
32103467 
32144288 
32185109 
32225930 
32266751 
32307572 
32348393 
32389214 
32430035 
32470856 
32511677 
32552498 
32593319 
32634140 
32674961 
32715782 
31656944 
31698854 
31740764 
31782674 
31824584 
31866494 
31908404 
31950314 
31992224 
32034134 
32076044 
32117954 
32159864 
32201774 
32243684 
32285594 
32327504 
32369414 
32411324 
32453234 
32495144 
32537054 
32578964 
32620874 
32662784 
32704694 
32746604 
32788514 
32830424 
32872334 
32914244 
32956154 
32998064 
33039974 
33081884 
33123794 
33165704 
33207614 
33249524 
33291434 
33333344 
33375254 
33417164 
33459074 
33500984 
33542894 
33584804 
32475872 
32518871 
32561870 
32604869 
32647868 
32690867 
32733866 
32776865 
32819864 
32862863 
32905862 
32948861 
32991860 
33034859 
33077858 
33120857 
33163856 
33206855 
33249854 
33292853 
33335852 
33378851 
33421850 
33464849 
33507848 
33550847 
33593846 
33636845 
33679844 
33722843 
33765842 
33808841 
33851840 
33894839 
33937838 
33980837 
34023836 
34066835 
34109834 
34152833 
34195832 
34238831 
34281830 
34324829 
34367828 
34410827 
34453826 
33294800 
33338888 
33382976 
33427064 
33471152 
33515240 
33559328 
33603416 
33647504 
33691592 
33735680 
33779768 
33823856 
33867944 
33912032 
33956120 
34000208 
34044296 
34088384 
34132472 
34176560 
34220648 
34264736 
34308824 
34352912 
34397000 
34441088 
34485176 
34529264 
34573352 
34617440 
34661528 
34705616 
34749704 
34793792 
34837880 
34881968 
34926056 
34970144 
35014232 
35058320 
35102408 
35146496 
35190584 
35234672 
35278760 
35322848 
34113728 
34158905 
34204082 
34249259 
34294436 
34339613 
34384790 
34429967 
34475144 
34520321 
34565498 
34610675 
34655852 
34701029 
34746206 
34791383 
34836560 
34881737 
34926914 
34972091 
35017268 
35062445 
35107622 
35152799 
35197976 
35243153 
35288330 
35333507 
35378684 
35423861 
35469038 
35514215 
35559392 
35604569 
35649746 
35694923 
35740100 
35785277 
35830454 
35875631 
35920808 
35965985 
36011162 
36056339 
36101516 
36146693 
36191870 
34932656 
34978922 
35025188 
35071454 
35117720 
35163986 
35210252 
35256518 
35302784 
35349050 
35395316 
35441582 
35487848 
35534114 
35580380 
35626646 
35672912 
35719178 
35765444 
35811710 
35857976 
35904242 
35950508 
35996774 
36043040 
36089306 
36135572 
36181838 
36228104 
36274370 
36320636 
36366902 
36413168 
36459434 
36505700 
36551966 
36598232 
36644498 
36690764 
36737030 
36783296 
36829562 
36875828 
36922094 
36968360 
37014626 
37060892 
35751584 
35798939 
35846294 
35893649 
35941004 
35988359 
36035714 
36083069 
36130424 
36177779 
36225134 
36272489 
36319844 
36367199 
36414554 
36461909 
36509264 
36556619 
36603974 
36651329 
36698684 
36746039 
36793394 
36840749 
36888104 
36935459 
36982814 
37030169 
37077524 
37124879 
37172234 
37219589 
37266944 
37314299 
37361654 
37409009 
37456364 
37503719 
37551074 
37598429 
37645784 
37693139 
37740494 
37787849 
37835204 
37882559 
37929914 
36570512 
36618956 
36667400 
36715844 
36764288 
36812732 
36861176 
36909620 
36958064 
37006508 
37054952 
37103396 
37151840 
37200284 
37248728 
37297172 
37345616 
37394060 
37442504 
37490948 
37539392 
37587836 
37636280 
37684724 
37733168 
37781612 
37830056 
37878500 
37926944 
37975388 
38023832 
38072276 
38120720 
38169164 
38217608 
38266052 
38314496 
38362940 
38411384 
38459828 
38508272 
38556716 
38605160 
38653604 
38702048 
38750492 
38798936 
37389440 
37438973 
37488506 
37538039 
37587572 
37637105 
37686638 
37736171 
37785704 
37835237 
37884770 
37934303 
37983836 
38033369 
38082902 
38132435 
38181968 
38231501 
38281034 
38330567 
38380100 
38429633 
38479166 
38528699 
38578232 
38627765 
38677298 
38726831 
38776364 
38825897 
38875430 
38924963 
38974496 
39024029 
39073562 
39123095 
39172628 
39222161 
39271694 
39321227 
39370760 
39420293 
39469826 
39519359 
39568892 
39618425 
39667958 
38208368 
38258990 
38309612 
38360234 
38410856 
38461478 
38512100 
38562722 
38613344 
38663966 
38714588 
38765210 
38815832 
38866454 
38917076 
38967698 
39018320 
39068942 
39119564 
39170186 
39220808 
39271430 
39322052 
39372674 
39423296 
39473918 
39524540 
39575162 
39625784 
39676406 
39727028 
39777650 
39828272 
39878894 
39929516 
39980138 
40030760 
40081382 
40132004 
40182626 
40233248 
40283870 
40334492 
40385114 
40435736 
40486358 
40536980 
39027296 
39079007 
39130718 
39182429 
39234140 
39285851 
39337562 
39389273 
39440984 
39492695 
39544406 
39596117 
39647828 
39699539 
39751250 
39802961 
39854672 
39906383 
39958094 
40009805 
40061516 
40113227 
40164938 
40216649 
40268360 
40320071 
40371782 
40423493 
40475204 
40526915 
40578626 
40630337 
40682048 
40733759 
40785470 
40837181 
40888892 
40940603 
40992314 
41044025 
41095736 
41147447 
41199158 
41250869 
41302580 
41354291 
41406002 
39846224 
39899024 
39951824 
40004624 
40057424 
40110224 
40163024 
40215824 
40268624 
40321424 
40374224 
40427024 
40479824 
40532624 
40585424 
40638224 
40691024 
40743824 
40796624 
40849424 
40902224 
40955024 
41007824 
41060624 
41113424 
41166224 
41219024 
41271824 
41324624 
41377424 
41430224 
41483024 
41535824 
41588624 
41641424 
41694224 
41747024 
41799824 
41852624 
41905424 
41958224 
42011024 
42063824 
42116624 
42169424 
42222224 
42275024 
40665152 
40719041 
40772930 
40826819 
40880708 
40934597 
40988486 
41042375 
41096264 
41150153 
41204042 
41257931 
41311820 
41365709 
41419598 
41473487 
41527376 
41581265 
41635154 
41689043 
41742932 
41796821 
41850710 
41904599 
41958488 
42012377 
42066266 
42120155 
42174044 
42227933 
42281822 
42335711 
42389600 
42443489 
42497378 
42551267 
42605156 
42659045 
42712934 
42766823 
42820712 
42874601 
42928490 
42982379 
43036268 
43090157 
43144046 
41484080 
41539058 
41594036 
41649014 
41703992 
41758970 
41813948 
41868926 
41923904 
41978882 
42033860 
42088838 
42143816 
42198794 
42253772 
42308750 
42363728 
42418706 
42473684 
42528662 
42583640 
42638618 
42693596 
42748574 
42803552 
42858530 
42913508 
42968486 
43023464 
43078442 
43133420 
43188398 
43243376 
43298354 
43353332 
43408310 
43463288 
43518266 
43573244 
43628222 
43683200 
43738178 
43793156 
43848134 
43903112 
43958090 
44013068 
42303008 
42359075 
42415142 
42471209 
42527276 
42583343 
42639410 
42695477 
42751544 
42807611 
42863678 
42919745 
42975812 
43031879 
43087946 
43144013 
43200080 
43256147 
43312214 
43368281 
43424348 
43480415 
43536482 
43592549 
43648616 
43704683 
43760750 
43816817 
43872884 
43928951 
43985018 
44041085 
44097152 
44153219 
44209286 
44265353 
44321420 
44377487 
44433554 
44489621 
44545688 
44601755 
44657822 
44713889 
44769956 
44826023 
44882090 
